0.0000,0,1,1.5403
(0.1057,1,1),(0.2178,2,2),(0.3298,3,3),(0.4418,4,4),(0.5539,5,5),(0.6659,6,6),(0.7780,7,7),(0.8900,8,8),(1.0020,9,9),(1.1110,10,9),(1.2200,11,9),(1.3290,12,9),(1.4380,13,9)
4.7000,0,1,1.5404
(4.8057,1,1),(4.9178,2,2),(5.0298,3,3),(5.1418,4,4),(5.2539,5,5),(5.3659,6,6),(5.4780,7,7),(5.5900,8,8),(5.7020,9,9),(5.8110,10,9),(5.9200,11,9),(6.0290,12,9),(6.1380,13,9)
16.4000,0,1,1.5406
(16.5057,1,1),(16.6178,2,2),(16.7298,3,3),(16.8418,4,4),(16.9539,5,5),(17.0659,6,6),(17.1780,7,7),(17.2900,8,8),(17.4020,9,9),(17.5110,10,9),(17.6200,11,9),(17.7290,12,9),(17.8380,13,9)
0.0000,0,2,1.5527
(0.1058,0,1),(0.2179,-1,2),(0.3299,-2,3),(0.4420,-3,4),(0.5540,-4,5),(0.6660,-5,6),(0.7781,-6,7),(0.8901,-7,8),(1.0022,-8,9),(1.1142,-9,10),(1.2262,-10,11),(1.3383,-11,12),(1.4463,-11,13)
4.7000,0,2,1.5525
(4.8058,0,1),(4.9179,-1,2),(5.0299,-2,3),(5.1420,-3,4),(5.2540,-4,5),(5.3660,-5,6),(5.4781,-6,7),(5.5901,-7,8),(5.7022,-8,9),(5.8142,-9,10),(5.9262,-10,11),(6.0383,-11,12),(6.1463,-11,13)
16.4000,0,2,1.5524
(16.5058,0,1),(16.6179,-1,2),(16.7299,-2,3),(16.8420,-3,4),(16.9540,-4,5),(17.0660,-5,6),(17.1781,-6,7),(17.2901,-7,8),(17.4022,-8,9),(17.5142,-9,10),(17.6262,-10,11),(17.7383,-11,12),(17.8463,-11,13)
