0.0000,0,1,1.5418
(0.1058,1,1),(0.2179,2,2),(0.3300,3,3),(0.4421,4,4),(0.5542,5,5),(0.6663,6,6),(0.7784,7,7),(0.8905,8,8),(1.0026,9,9),(1.1116,10,9),(1.2206,11,9),(1.3296,12,9),(1.4386,13,9)
0.0000,0,2,1.6600
(0.1059,0,1),(0.2180,-1,2),(0.3301,-2,3),(0.4422,-3,4),(0.5543,-4,5),(0.6664,-5,6),(0.7785,-6,7),(0.8906,-7,8),(1.0027,-8,9),(1.1148,-9,10),(1.2269,-10,11),(1.3390,-11,12),(1.4471,-11,13),(1.5552,-11,14)
4.7000,0,1,1.6485
(4.8043,0,1),(4.9164,1,2),(5.0285,2,3),(5.1406,3,4),(5.2527,4,5),(5.3648,5,6),(5.4769,6,7),(5.5890,7,8),(5.7011,8,9),(5.8101,9,9),(5.9191,10,9),(6.0281,11,9),(6.1371,12,9),(6.2461,13,9)
4.7000,0,2,1.5511
(4.8037,0,1),(4.9158,-1,2),(5.0279,-2,3),(5.1400,-3,4),(5.2521,-4,5),(5.3642,-5,6),(5.4763,-6,7),(5.5884,-7,8),(5.7005,-8,9),(5.8126,-9,10),(5.9247,-10,11),(6.0368,-11,12),(6.1449,-11,13)
16.4000,0,1,1.6479
(16.5037,-1,1),(16.6158,0,2),(16.7279,1,3),(16.8400,2,4),(16.9521,3,5),(17.0642,4,6),(17.1763,5,7),(17.2884,6,8),(17.4005,7,9),(17.5095,8,9),(17.6185,9,9),(17.7275,10,9),(17.8365,11,9),(17.9455,12,9)
16.4000,0,2,1.5475
(16.5040,-2,1),(16.6161,-3,2),(16.7282,-4,3),(16.8403,-5,4),(16.9524,-6,5),(17.0645,-7,6),(17.1766,-8,7),(17.2887,-9,8),(17.4008,-10,9),(17.5129,-11,10),(17.6250,-12,11),(17.7331,-12,12),(17.8412,-12,13)

0.0000,0,1,1.5418
(0.1058,1,1),(0.2179,2,2),(0.3300,3,3),(0.4421,4,4),(0.5542,5,5),(0.6663,6,6),(0.7784,7,7),(0.8905,8,8),(1.0026,9,9),(1.1116,10,9),(1.2206,11,9),(1.3296,12,9),(1.4386,13,9)
0.0000,0,2,1.6600
(0.1059,0,1),(0.2180,-1,2),(0.3301,-2,3),(0.4422,-3,4),(0.5543,-4,5),(0.6664,-5,6),(0.7785,-6,7),(0.8906,-7,8),(1.0027,-8,9),(1.1148,-9,10),(1.2269,-10,11),(1.3390,-11,12),(1.4471,-11,13),(1.5552,-11,14)
4.7000,0,1,1.6484
(4.8043,0,1),(4.9164,1,2),(5.0285,2,3),(5.1406,3,4),(5.2527,4,5),(5.3648,5,6),(5.4769,6,7),(5.5890,7,8),(5.7011,8,9),(5.8101,9,9),(5.9191,10,9),(6.0281,11,9),(6.1371,12,9),(6.2461,13,9)
4.7000,0,2,1.5519
(4.8043,0,1),(4.9164,-1,2),(5.0285,-2,3),(5.1406,-3,4),(5.2527,-4,5),(5.3648,-5,6),(5.4769,-6,7),(5.5890,-7,8),(5.7011,-8,9),(5.8132,-9,10),(5.9253,-10,11),(6.0374,-11,12),(6.1455,-11,13)
16.4000,0,1,1.5419
(16.5052,0,1),(16.6173,1,2),(16.7294,2,3),(16.8415,3,4),(16.9536,4,5),(17.0657,5,6),(17.1778,6,7),(17.2899,7,8),(17.4020,8,9),(17.5110,9,9),(17.6200,10,9),(17.7290,11,9),(17.8380,12,9)
16.4000,0,2,1.6564
(16.5065,-1,1),(16.6186,-2,2),(16.7307,-3,3),(16.8428,-4,4),(16.9549,-5,5),(17.0670,-6,6),(17.1791,-7,7),(17.2912,-8,8),(17.4033,-9,9),(17.5154,-10,10),(17.6275,-11,11),(17.7356,-11,12),(17.8437,-11,13),(17.9518,-11,14)


16.4000,0,1,1.5419
(16.5052,0,1),(16.6173,1,2),(16.7294,2,3),(16.8415,3,4),(16.9536,4,5),(17.0657,5,6),(17.1778,6,7),(17.2899,7,8),(17.4020,8,9),(17.5110,9,9),(17.6200,10,9),(17.7290,11,9),(17.8380,12,9)